200
7181
7119
2120
3505
7958
9292
9295
5482
9451
2664
521
9335
7981
5082
546
4303
3906
3674
7137
4058
8050
8271
2053
3264
2106
1751
569
8643
3142
2401
3332
1628
1457
7439
455
8235
8657
3716
6413
167
4397
4489
8546
6406
7710
6138
1104
3986
6908
5678
1346
7412
1038
5781
5511
1084
1039
1048
2835
4137
5837
2017
4864
2923
5895
1900
5376
1425
720
2966
2317
1599
9794
2140
186
947
7760
7323
2262
165
8355
4277
5984
9535
7176
2760
8164
4760
3188
5700
4861
94
9764
4984
6934
3273
1894
6194
4723
4347
8838
6559
4619
3168
743
7540
6614
9499
727
3517
5813
4835
3320
732
1379
6619
6171
5055
83
6956
9920
3697
2997
4700
1813
4001
888
3500
5297
8619
9134
387
3961
2004
5512
7765
8302
6318
2402
9219
5145
3215
9916
5303
8151
8070
8901
8973
4764
5850
9133
6870
3561
8011
5828
3076
4361
1378
8837
2820
5906
6609
4635
8924
345
9623
4823
9749
1449
7868
1988
352
5219
690
6231
9379
263
3145
3480
7262
6498
2810
5722
2746
5142
3997
6354
8321
4042
5613
4981
1477
5554
6281
1323
582
6323
2180
4234
1846